Pertemuan 1

Kelompok 1
63
72
70
68
73
77
64
71

Kelompok 2
74
76
78
95
75

Kelompok 3
80
82
79
94
93

Kelompok 4
160
159
158
157
167

Kelompok 5
96
97
98
99
100

Kelompok 6
89
90
91
92

Kelompok 7
161
166
163
165
162
164

Kelompok 8
85
86
87
88


Kelompok 9
84
81
69
65
66
67


Pertemuan 2

Kelompok 1
101
106
107
102
105
103
104

Kelompok 2
108
109
110
112
114
111

Kelompok 3
120
121
156
117
128
118
125

Kelompok 4
119
122
129
130
126
131

Kelompok 5
132
136
138
133
134
135

Kelompok 6
154
155
153
140
152
151

Kelompok 7
149
150
147
148
146
145

Kelompok 8
142
141
139
144
137
143

Kelompok 9
127
113
124
123
115
116


Pertemuan 3

Kelompok 1
190
196
197
199
195

Kelompok 2
189
191
192
188
219

Kelompok 3
218
216
217
214
215

Kelompok 4
206
207
209
210
213

Kelompok 5
183
184
186
187
211

Kelompok 6
205
203
204
200
201

Kelompok 7
175
178
177
179
181

Kelompok 8
193
185
180
182
174

Kelompok 9
172
170
171
168
160